#1 Redshift
#2 Total Ionizing Emissivity (low 68% CL)
#3 Total Ionizing Emissivity (median)
#4 Total Ionizing Emissivity (high 68% CL)
       4.0000000       50.416537       50.643317       50.762971
       4.1000000       50.411638       50.634550       50.759161
       4.2000000       50.402095       50.624936       50.763720
       4.3000000       50.419357       50.628980       50.761945
       4.4000000       50.383049       50.622516       50.755879
       4.5000000       50.375277       50.606393       50.749146
       4.6000000       50.356830       50.592316       50.742967
       4.7000000       50.370811       50.603391       50.738845
       4.8000000       50.348350       50.600247       50.744390
       4.9000000       50.357691       50.608478       50.738074
       5.0000000       50.375225       50.601861       50.741960
       5.1000000       50.377537       50.600114       50.755285
       5.2000000       50.343966       50.592065       50.741654
       5.3000000       50.355518       50.594891       50.745626
       5.4000000       50.373651       50.600781       50.754965
       5.5000000       50.333728       50.576213       50.737870
       5.6000000       50.353433       50.582742       50.759685
       5.7000000       50.361266       50.604450       50.759676
       5.8000000       50.388570       50.602211       50.752847
       5.9000000       50.390231       50.604448       50.775660
       6.0000000       50.411915       50.620002       50.787191
       6.1000000       50.411480       50.614018       50.790500
       6.2000000       50.416535       50.615231       50.780384
       6.3000000       50.389798       50.614803       50.779556
       6.4000000       50.435438       50.639663       50.803370
       6.5000000       50.420485       50.632436       50.803240
       6.6000000       50.378840       50.613046       50.783051
       6.7000000       50.425521       50.640045       50.793181
       6.8000000       50.392992       50.626997       50.792888
       6.9000000       50.397539       50.624051       50.796409
       7.0000000       50.427869       50.643866       50.817619
       7.1000000       50.398997       50.640254       50.813700
       7.2000000       50.417432       50.645709       50.819878
       7.3000000       50.412567       50.648894       50.815388
       7.4000000       50.412069       50.650434       50.822972
       7.5000000       50.431036       50.651332       50.828096
       7.6000000       50.427043       50.658090       50.834542
       7.7000000       50.447023       50.668569       50.843198
       7.8000000       50.440993       50.670772       50.840171
       7.9000000       50.436555       50.655615       50.825559
       8.0000000       50.471835       50.685244       50.860201
       8.1000000       50.441392       50.662743       50.846240
       8.2000000       50.454808       50.683094       50.869420
       8.3000000       50.458555       50.678141       50.860345
       8.4000000       50.489688       50.697668       50.862654
       8.5000000       50.459821       50.692381       50.857754
       8.6000000       50.460092       50.684042       50.854918
       8.7000000       50.473086       50.702979       50.877091
       8.8000000       50.489426       50.716038       50.895847
       8.9000000       50.490454       50.714441       50.884722
       9.0000000       50.511559       50.715343       50.902292
       9.1000000       50.490953       50.711507       50.891584
       9.2000000       50.508072       50.739496       50.920562
       9.3000000       50.549824       50.763078       50.925778
       9.4000000       50.517914       50.741058       50.922193
       9.5000000       50.538269       50.757364       50.945706
       9.6000000       50.548993       50.771898       50.947374
       9.7000000       50.531842       50.768103       50.960039
       9.8000000       50.567116       50.790775       50.976346
       9.9000000       50.558324       50.804774       50.990013
       10.000000       50.549138       50.785013       50.980078
       10.100000       50.536607       50.769963       50.967275
       10.200000       50.530344       50.789849       50.962201
       10.300000       50.502799       50.758611       50.943955
       10.400000       50.508820       50.748348       50.943537
       10.500000       50.506471       50.747302       50.952185
       10.600000       50.476126       50.725125       50.919041
       10.700000       50.443910       50.711210       50.903476
       10.800000       50.439886       50.684606       50.896632
       10.900000       50.452131       50.684859       50.887824
       11.000000       50.421631       50.679617       50.865338
       11.100000       50.388596       50.650905       50.849346
       11.200000       50.379085       50.619954       50.827725
       11.300000       50.354646       50.609126       50.809132
       11.400000       50.361995       50.602887       50.809611
       11.500000       50.352057       50.585935       50.790265
       11.600000       50.312145       50.565892       50.767381
       11.700000       50.280474       50.539894       50.757889
       11.800000       50.291068       50.545341       50.751804
       11.900000       50.273772       50.524487       50.722419
       12.000000       50.236439       50.495197       50.707991
       12.100000       50.210752       50.464127       50.683272
       12.200000       50.170788       50.442316       50.656342
       12.300000       50.190227       50.435954       50.664622
       12.400000       50.178012       50.443249       50.634544
       12.500000       50.165084       50.400310       50.619987
       12.600000       50.114497       50.385161       50.598234
       12.700000       50.106986       50.360330       50.568085
       12.800000       50.081785       50.326566       50.535057
       12.900000       50.101074       50.341598       50.535099
       13.000000       50.046579       50.304065       50.517796
       13.100000       50.036728       50.282742       50.498668
       13.200000       49.985715       50.254548       50.471723
       13.300000       50.002076       50.250269       50.455059
       13.400000       49.971729       50.220812       50.447408
       13.500000       50.014888       50.261102       50.478484
       13.600000       49.979494       50.231022       50.441967
       13.700000       49.966977       50.219800       50.407444
       13.800000       49.943709       50.188681       50.396288
       13.900000       49.905180       50.168446       50.372839
       14.000000       49.903427       50.142367       50.358230
       14.100000       49.872675       50.121948       50.314617
       14.200000       49.882005       50.135396       50.341825
       14.300000       49.877779       50.130051       50.328569
       14.400000       49.868290       50.099261       50.292815
       14.500000       49.829050       50.075607       50.270358
       14.600000       49.808972       50.051347       50.227505
       14.700000       49.773900       50.037200       50.239870
       14.800000       49.759906       49.997126       50.198005
       14.900000       49.783710       50.027076       50.225522
       15.000000       49.752494       50.014592       50.190414
       15.100000       49.746799       49.971887       50.168030
       15.200000       49.715598       49.946602       50.148398
       15.300000       49.711771       49.923051       50.121819
       15.400000       49.667941       49.901696       50.090684
       15.500000       49.639462       49.882715       50.070280
       15.600000       49.608385       49.866831       50.050897
       15.700000       49.596016       49.838594       50.012865
       15.800000       49.558651       49.806329       49.990888
       15.900000       49.597593       49.821873       50.011605
       16.000000       49.556912       49.788835       49.980711
       16.100000       49.533418       49.783808       49.959917
       16.200000       49.518113       49.757646       49.948912
       16.300000       49.489432       49.720155       49.903062
       16.400000       49.465624       49.708162       49.892977
       16.500000       49.460762       49.702954       49.885120
       16.600000       49.418259       49.676272       49.857760
       16.700000       49.412898       49.653078       49.828742
       16.800000       49.395911       49.629802       49.809435
       16.900000       49.370652       49.603405       49.788435
       17.000000       49.323783       49.582948       49.763865
       17.100000       49.315818       49.549365       49.743766
       17.200000       49.284015       49.526346       49.714947
       17.300000       49.261977       49.503826       49.688359
       17.400000       49.277547       49.518707       49.694699
       17.500000       49.255002       49.488357       49.670943
       17.600000       49.228977       49.466002       49.654924
       17.700000       49.224262       49.458608       49.641032
       17.800000       49.191166       49.439892       49.611930
       17.900000       49.181564       49.417894       49.602706
       18.000000       49.166903       49.386656       49.555833
       18.100000       49.139035       49.363355       49.537723
       18.200000       49.122286       49.337774       49.512967
       18.300000       49.074422       49.318250       49.489829
       18.400000       49.064699       49.288209       49.472397
       18.500000       49.053382       49.272109       49.452928
       18.600000       49.014514       49.260833       49.427019
       18.700000       48.998943       49.236753       49.399990
       18.800000       48.967984       49.203493       49.384369
       18.900000       48.944113       49.178588       49.355595
       19.000000       48.915557       49.150862       49.319534
       19.100000       48.909996       49.130399       49.301586
       19.200000       48.884194       49.123901       49.286381
       19.300000       48.859468       49.082629       49.265617
       19.400000       48.841666       49.063165       49.244335
       19.500000       48.820272       49.043722       49.216186
       19.600000       48.780420       49.032560       49.187831
       19.700000       48.762803       49.010072       49.170706
       19.800000       48.738549       48.981097       49.141536
       19.900000       48.726880       48.962117       49.132552
       20.000000       48.701917       48.931517       49.102087
