# log10 luminosity density (intrinsic) in units ergs/s/Hz/Mpc^3, from Mason, Trenti & Treu (2015)
# Columns are for M < Mlim
# z	-22.5	-22.0	-21.5	-21.0	-20.5	-20.0	-19.5	-19.0	-18.5	-18.0	-17.5	-17.0	-16.5	-16.0	-15.5	-15.0	-14.5	-14.0	-13.5	-13.0	-12.5	-12.0
0.00000 24.23100 25.06373 25.42340 25.64730 25.82436 25.93809 26.03395 26.10231 26.15856 26.18955 26.21501 26.23572 26.25195 26.26158 26.27165 26.27751 26.28224 26.28719 26.29005 26.29241 26.29490 26.29639
2.00000 26.20198 26.39628 26.55565 26.64907 26.72693 26.78999 26.83050 26.85545 26.88231 26.89829 26.91505 26.92493 26.93294 26.93953 26.94639 26.95049 26.95391 26.95757 26.95979 26.96222 26.96371 26.96538
3.80000 26.18497 26.35052 26.48723 26.57761 26.65304 26.71412 26.75162 26.79197 26.81636 26.83657 26.85827 26.87131 26.88229 26.89145 26.90159 26.90779 26.91468 26.91898 26.92381 26.92690 26.93043 26.93343
4.90000 25.93257 26.12167 26.24781 26.35398 26.44093 26.49497 26.55397 26.59019 26.62067 26.64624 26.67431 26.69173 26.70648 26.72310 26.73344 26.74237 26.75252 26.76098 26.76645 26.77279 26.77826 26.78297
5.90000 25.58284 25.80258 25.94964 26.07187 26.14885 26.23453 26.28763 26.33289 26.37145 26.41456 26.44133 26.46464 26.49103 26.50782 26.52253 26.53930 26.55358 26.56288 26.57379 26.58330 26.59163 26.59894
6.80000 25.24328 25.44501 25.61452 25.75552 25.84475 25.92170 26.00808 26.06222 26.10924 26.14969 26.19590 26.22576 26.26010 26.28221 26.30188 26.32464 26.34441 26.35743 26.37305 26.38689 26.39908 26.40990
7.90000 24.75851 24.98796 25.13604 25.30516 25.41302 25.50667 25.61330 25.68142 25.74170 25.79419 25.85540 25.89570 25.94255 25.97332 26.00101 26.03391 26.06279 26.08841 26.10580 26.12691 26.14588 26.16294
9.00000 24.16926 24.43616 24.60921 24.80781 24.93616 25.04873 25.14782 25.26234 25.33780 25.40473 25.48436 25.53699 25.58432 25.64054 25.67835 25.72384 25.76428 25.79201 25.82601 25.85657 25.88424 25.90941
10.40000 23.31323 23.63594 23.84698 24.03395 24.25049 24.39295 24.51951 24.63396 24.76830 24.85818 24.94049 25.03844 25.10419 25.18365 25.23758 25.30317 25.36259 25.41682 25.46612 25.51110 25.55236 25.58988
12.00000 22.22150 22.61642 22.87607 23.10907 23.38257 23.56365 23.72678 23.87643 24.05560 24.17690 24.28799 24.42177 24.51253 24.62363 24.69966 24.79284 24.87860 24.95633 25.02835 25.09399 25.15458 25.21013
14.00000 20.67673 21.17526 21.50667 21.80694 22.07959 22.40377 22.62106 22.82388 23.06782 23.23527 23.38837 23.57506 23.70275 23.85957 24.00253 24.13430 24.22623 24.33962 24.44390 24.54013 24.62829 24.73188
16.00000 19.00306 19.46834 20.02291 20.39741 20.73684 21.04663 21.42645 21.68661 21.92661 22.21783 22.41814 22.66167 22.83132 23.03865 23.22943 23.40526 23.52747 23.68013 23.81991 23.94931 24.09724 24.21366
